2011  12  15	2011  12  11
2011  11  23	2011  08  06
2011  10  27	2011  10  25
2011  10  02	2009  02  21
2011  08  27	2011  02  18
2011  08  08	2011  02  17
2011  08  08	2010  12  21
2011  07  13	2011  07  09
2011  07  11	2011  07  09
2011  07  09	2011  07  09
2011  06  12	2011  06  11
2011  05  25	2011  05  14
2011  05  18	2010  11  25
2011  04  06	2009  04  05
2011  03  31	2010  10  01
2011  03  30	2009  07  00
2011  03  18	2010  01  03
2011  02  27	2011  02  25
2011  02  26	2011  02  08
2011  02  25	2011  02  08
2011  02  19	2009  02  21
2011  02  16	2011  02  13
2011  02  12	2011  02  12
2011  01  06	2010  12  12
2011  01  02	2010  12  13
2010  11  15	2010  01  07
2010  10  27	2010  07  03
2010  10  20	2010  10  11
2010  09  23	2010  09  00
2010  09  01	2010  08  30
2010  08  30	2010  08  30
2010  08  20	2010  08  14
2010  08  11	2010  08  10
2010  07  30	2009  06  16
2010  07  08	2010  06  05
2010  06  30	2010  06  30
2010  06  28	2010  06  14
2010  06  28	2010  06  27
2010  06  27	2010  06  27
2010  06  22	2010  06  22
2010  06  21	2010  06  19
2010  06  13	2010  06  13
2010  03  24	2010  02  16
2010  03  24	2010  02  16
2010  03  08	2010  02  14